	tracker2
t	x	y	r
7,294800E0	3,602586E-3	-7,966544E-4	3,689618E-3
7,311544E0	3,847821E-3	-9,620411E-4	3,966264E-3
7,328111E0	3,624021E-3	-4,954701E-4	3,657734E-3
7,344678E0	3,439914E-3	-2,152433E-3	4,057829E-3
7,361422E0	2,887593E-3	-2,520647E-3	3,832996E-3
7,378167E0	2,887593E-3	-2,336540E-3	3,714514E-3
7,411300E0	3,808128E-3	-2,704754E-3	4,670924E-3
7,428044E0	3,808128E-3	-2,888861E-3	4,779891E-3
7,444689E0	3,808128E-3	-2,888861E-3	4,779891E-3
7,461333E0	4,176342E-3	-3,072968E-3	5,185071E-3
7,477978E0	3,808128E-3	-2,520647E-3	4,566782E-3
7,494622E0	4,176342E-3	-2,704754E-3	4,975694E-3
7,511267E0	3,808128E-3	-3,257075E-3	5,011026E-3
7,527911E0	3,992235E-3	-2,704754E-3	4,822202E-3
7,544556E0	3,992235E-3	-3,257075E-3	5,152328E-3
7,561200E0	3,992235E-3	-3,257075E-3	5,152328E-3
7,577844E0	3,992235E-3	-3,257075E-3	5,152328E-3
7,594489E0	3,992235E-3	-3,257075E-3	5,152328E-3
7,611133E0	3,992235E-3	-3,257075E-3	5,152328E-3
7,627889E0	3,808612E-3	-3,338141E-3	5,064456E-3
7,644544E0	3,841897E-3	-3,287942E-3	5,056752E-3
7,661200E0	3,890003E-3	-3,267458E-3	5,080197E-3
7,677856E0	3,755797E-3	-3,289244E-3	4,992509E-3
7,694511E0	3,765586E-3	-3,231737E-3	4,962233E-3
7,711167E0	3,857832E-3	-3,380334E-3	5,129281E-3
7,727822E0	3,837246E-3	-3,358941E-3	5,099700E-3
7,744478E0	3,816867E-3	-3,303531E-3	5,047949E-3
7,761133E0	3,789632E-3	-3,432117E-3	5,112801E-3
7,777789E0	3,685999E-3	-3,468200E-3	5,061127E-3
7,794444E0	3,751187E-3	-3,413504E-3	5,071826E-3
7,811100E0	3,734501E-3	-3,503048E-3	5,120337E-3
7,827756E0	3,652535E-3	-3,503530E-3	5,061199E-3
7,844411E0	3,773660E-3	-3,439860E-3	5,106187E-3
7,861067E0	3,570389E-3	-3,538507E-3	5,026799E-3
7,877722E0	3,465329E-3	-3,461622E-3	4,898095E-3
7,894378E0	3,481102E-3	-3,343526E-3	4,826722E-3
7,911033E0	3,437020E-3	-3,473140E-3	4,886288E-3
7,927689E0	3,403873E-3	-3,432687E-3	4,834221E-3
7,944344E0	3,496435E-3	-3,398751E-3	4,876122E-3
7,961000E0	3,587816E-3	-3,432340E-3	4,965217E-3
7,994311E0	3,793081E-3	-3,354284E-3	5,063466E-3
8,027622E0	3,624021E-3	-3,072968E-3	4,751490E-3
8,044278E0	3,624021E-3	-3,072968E-3	4,751490E-3
8,060933E0	3,624021E-3	-2,888861E-3	4,634549E-3
8,077589E0	3,071700E-3	-2,888861E-3	4,216736E-3
8,094244E0	3,255807E-3	-2,888861E-3	4,352677E-3
8,110900E0	3,439914E-3	-3,072968E-3	4,612607E-3
8,127556E0	3,439914E-3	-2,704754E-3	4,375923E-3
8,144211E0	3,433350E-3	-2,544370E-3	4,273372E-3
8,160867E0	3,457304E-3	-2,460583E-3	4,243515E-3
8,177522E0	3,607274E-3	-2,418855E-3	4,343188E-3
8,344078E0	4,176342E-3	-2,888861E-3	5,078125E-3
8,444011E0	4,360449E-3	-2,520647E-3	5,036584E-3
8,460667E0	4,360449E-3	-2,520647E-3	5,036584E-3
8,477322E0	4,176342E-3	-2,520647E-3	4,878063E-3
8,493978E0	4,176342E-3	-2,520647E-3	4,878063E-3
8,510633E0	4,377770E-3	-2,263503E-3	4,928318E-3
8,543944E0	3,624021E-3	-2,704754E-3	4,522082E-3
8,560600E0	3,319626E-3	-3,188766E-3	4,603058E-3
8,577256E0	2,937660E-3	-3,619824E-3	4,661864E-3
8,593911E0	3,189837E-3	-3,654289E-3	4,850659E-3
8,610567E0	3,464421E-3	-3,330568E-3	4,805715E-3
8,627222E0	3,834656E-3	-3,221522E-3	5,008272E-3
8,677189E0	4,176342E-3	-2,888861E-3	5,078125E-3
8,727156E0	3,808128E-3	-2,520647E-3	4,566782E-3
8,743811E0	3,977523E-3	-2,502616E-3	4,699338E-3
8,777122E0	4,176342E-3	-2,888861E-3	5,078125E-3
8,793778E0	4,307148E-3	-2,888465E-3	5,186015E-3
8,810433E0	4,247321E-3	-2,717037E-3	5,042026E-3
8,910367E0	4,176342E-3	-2,888861E-3	5,078125E-3
9,026956E0	3,992235E-3	-1,600112E-3	4,300965E-3
9,043611E0	3,922567E-3	-1,791333E-3	4,312239E-3
9,076922E0	4,360449E-3	-1,784219E-3	4,711364E-3
9,093578E0	4,176342E-3	-1,968326E-3	4,616941E-3
9,110233E0	4,544556E-3	-1,968326E-3	4,952504E-3
9,126889E0	4,176342E-3	-1,047791E-3	4,305775E-3
9,143544E0	4,255701E-3	-3,914003E-4	4,273662E-3
9,176856E0	3,808128E-3	-1,047791E-3	3,949646E-3
9,193511E0	3,881221E-3	-5,056035E-4	3,914015E-3
9,210167E0	3,808128E-3	-6,795771E-4	3,868290E-3
9,226822E0	3,992235E-3	-1,047791E-3	4,127446E-3
9,243478E0	4,360449E-3	-6,795771E-4	4,413088E-3
9,260133E0	4,912770E-3	-1,600112E-3	5,166785E-3
9,293444E0	4,360449E-3	-1,047791E-3	4,484572E-3
9,310100E0	4,199082E-3	-9,363457E-4	4,302213E-3
9,326756E0	3,788649E-3	-8,586546E-4	3,884733E-3
9,343411E0	3,432674E-3	-7,694361E-4	3,517852E-3
9,360067E0	3,439914E-3	-6,795771E-4	3,506399E-3
9,376722E0	4,360449E-3	-1,047791E-3	4,484572E-3
9,393378E0	5,280984E-3	-1,416005E-3	5,467528E-3
9,410033E0	4,728663E-3	-2,520647E-3	5,358537E-3
9,426689E0	6,017412E-3	-3,441182E-3	6,931881E-3
9,460000E0	6,385626E-3	-2,704754E-3	6,934833E-3
9,476656E0	5,833305E-3	-2,336540E-3	6,283858E-3
9,493311E0	6,753840E-3	-1,968326E-3	7,034818E-3
9,509967E0	6,937947E-3	-2,336540E-3	7,320828E-3
9,526622E0	6,937947E-3	-2,336540E-3	7,320828E-3
9,543278E0	7,116945E-3	-2,329091E-3	7,488362E-3
9,626456E0	7,674375E-3	-1,968326E-3	7,922773E-3
9,643111E0	7,753833E-3	-1,730702E-3	7,944636E-3
9,659767E0	7,640469E-3	-1,453380E-3	7,777473E-3
9,676422E0	7,580879E-3	-1,339885E-3	7,698378E-3
9,693078E0	7,258429E-3	-1,589149E-3	7,430356E-3
9,743044E0	7,336676E-3	-1,925903E-3	7,585243E-3
9,759700E0	7,146363E-3	-2,125399E-3	7,455724E-3
9,776356E0	7,059368E-3	-1,969613E-3	7,328987E-3
9,793011E0	6,977242E-3	-1,944937E-3	7,243251E-3
9,809667E0	6,991881E-3	-1,807108E-3	7,221637E-3
9,826322E0	7,026075E-3	-1,699930E-3	7,228796E-3
9,842978E0	6,846523E-3	-1,876890E-3	7,099126E-3
9,859633E0	6,729159E-3	-1,944670E-3	7,004522E-3
1,000953E1	7,122054E-3	-2,520647E-3	7,554953E-3
1,007616E1	8,042589E-3	-2,704754E-3	8,485218E-3
1,012612E1	8,963124E-3	-2,704754E-3	9,362333E-3
1,015943E1	8,594910E-3	-2,520647E-3	8,956904E-3
1,017609E1	8,622636E-3	-2,549523E-3	8,991659E-3
1,019274E1	8,892610E-3	-2,400529E-3	9,210920E-3
1,025937E1	8,963124E-3	-2,888861E-3	9,417171E-3
1,029268E1	8,226696E-3	-3,072968E-3	8,781894E-3
1,030933E1	8,410803E-3	-2,704754E-3	8,835004E-3
1,032599E1	8,183657E-3	-2,871533E-3	8,672828E-3
1,035930E1	8,042589E-3	-3,441182E-3	8,747855E-3
1,037596E1	8,594910E-3	-3,257075E-3	9,191355E-3
1,039261E1	8,226696E-3	-2,704754E-3	8,659920E-3
1,042592E1	8,226696E-3	-3,441182E-3	8,917413E-3
1,044258E1	8,226696E-3	-3,257075E-3	8,847998E-3
1,045923E1	8,042589E-3	-3,257075E-3	8,677083E-3
1,047589E1	7,858482E-3	-3,441182E-3	8,578897E-3
1,049254E1	7,998969E-3	-3,526260E-3	8,741740E-3
1,050920E1	8,193276E-3	-3,358199E-3	8,854788E-3
1,054251E1	8,042589E-3	-3,625289E-3	8,821902E-3
1,057582E1	8,042589E-3	-3,809396E-3	8,899142E-3
1,122539E1	8,963124E-3	-3,993503E-3	9,812525E-3
1,124204E1	8,963124E-3	-3,625289E-3	9,668522E-3
1,125870E1	8,963124E-3	-4,361717E-3	9,968057E-3
1,127536E1	9,095669E-3	-4,457819E-3	1,012933E-2
1,132532E1	8,963124E-3	-4,177610E-3	9,888883E-3
1,134198E1	8,594910E-3	-3,993503E-3	9,477370E-3
1,139194E1	9,331338E-3	-4,177610E-3	1,022381E-2
