t	x	y	r
7,461378E0	5,816578E-4	-1,574724E-3	1,678714E-3
7,478033E0	8,485054E-4	-9,712342E-4	1,289673E-3
7,528000E0	1,681262E-3	-1,032405E-3	1,972942E-3
7,544656E0	2,234744E-3	-1,585888E-3	2,740277E-3
7,561311E0	2,603732E-3	-1,954876E-3	3,255912E-3
7,577967E0	3,526203E-3	-1,954876E-3	4,031829E-3
7,594622E0	4,448674E-3	-2,323864E-3	5,019068E-3
7,611278E0	5,002157E-3	-3,246335E-3	5,963242E-3
7,627933E0	4,817662E-3	-2,877347E-3	5,611506E-3
7,644589E0	4,831344E-3	-2,198945E-3	5,308224E-3
7,661244E0	4,960179E-3	-2,006066E-3	5,350484E-3
7,677900E0	4,903218E-3	-1,995905E-3	5,293881E-3
7,694556E0	4,931088E-3	-1,982406E-3	5,314655E-3
7,711211E0	4,901945E-3	-1,999772E-3	5,294162E-3
7,727867E0	4,927365E-3	-1,986086E-3	5,312576E-3
7,744522E0	4,891313E-3	-2,026118E-3	5,294345E-3
7,761178E0	4,932383E-3	-1,973820E-3	5,312661E-3
7,777833E0	4,907658E-3	-2,013644E-3	5,304702E-3
7,794489E0	4,904315E-3	-1,996434E-3	5,295097E-3
7,811144E0	4,915411E-3	-2,013101E-3	5,311671E-3
7,827800E0	4,896907E-3	-2,013633E-3	5,294754E-3
7,844456E0	4,897611E-3	-2,014671E-3	5,295799E-3
7,861111E0	4,923983E-3	-1,985608E-3	5,309261E-3
7,877767E0	4,891301E-3	-2,021784E-3	5,292678E-3
7,894422E0	4,886924E-3	-2,008340E-3	5,283508E-3
7,911078E0	4,933099E-3	-1,986399E-3	5,318012E-3
7,927733E0	4,831438E-3	-2,005716E-3	5,231222E-3
7,944389E0	4,912886E-3	-1,988463E-3	5,300041E-3
7,961044E0	4,897052E-3	-2,016064E-3	5,295813E-3
7,977700E0	4,836287E-3	-2,004829E-3	5,235361E-3
7,994356E0	4,895036E-3	-1,996625E-3	5,286576E-3
8,011011E0	4,899594E-3	-2,011785E-3	5,296536E-3
8,027667E0	4,846245E-3	-2,011162E-3	5,246986E-3
8,044322E0	4,929292E-3	-1,978237E-3	5,311435E-3
8,060978E0	4,864915E-3	-2,033835E-3	5,272939E-3
8,077633E0	4,816682E-3	-2,014065E-3	5,220813E-3
8,094289E0	4,924049E-3	-1,964780E-3	5,301567E-3
8,110944E0	4,845584E-3	-1,994094E-3	5,239857E-3
8,127600E0	4,851252E-3	-1,991502E-3	5,244114E-3
8,144256E0	4,930917E-3	-1,932715E-3	5,296162E-3
8,160911E0	4,830121E-3	-1,994833E-3	5,225842E-3
8,177567E0	4,842653E-3	-1,979092E-3	5,231452E-3
8,194222E0	4,915125E-3	-1,964096E-3	5,293026E-3
8,210878E0	4,765331E-3	-1,999981E-3	5,168008E-3
8,227533E0	4,878257E-3	-1,980043E-3	5,264785E-3
8,244189E0	4,946673E-3	-1,924086E-3	5,307700E-3
8,260844E0	4,669410E-3	-1,983737E-3	5,073323E-3
8,277500E0	4,541601E-3	-1,996066E-3	4,960888E-3
8,294156E0	4,759979E-3	-2,096604E-3	5,201264E-3
8,310811E0	4,372323E-3	-1,908690E-3	4,770777E-3
8,327467E0	4,366995E-3	-1,606127E-3	4,652987E-3
8,344122E0	4,485238E-3	-1,661912E-3	4,783233E-3
8,360778E0	4,152163E-3	-1,529085E-3	4,424766E-3
8,377433E0	4,162288E-3	-1,370297E-3	4,382049E-3
8,394089E0	4,280196E-3	-1,490984E-3	4,532451E-3
8,410744E0	4,222607E-3	-1,544786E-3	4,496307E-3
8,427400E0	4,310796E-3	-1,326819E-3	4,510367E-3
8,444056E0	4,121688E-3	-1,345811E-3	4,335841E-3
8,460711E0	3,996041E-3	-1,285145E-3	4,197612E-3
8,477367E0	4,129614E-3	-1,209992E-3	4,303230E-3
8,494022E0	3,939546E-3	-1,192897E-3	4,116191E-3
8,510678E0	3,865692E-3	-1,072106E-3	4,011606E-3
8,527333E0	4,024103E-3	-1,077525E-3	4,165869E-3
8,543989E0	3,776807E-3	-1,136628E-3	3,944134E-3
8,560644E0	3,680706E-3	-1,039219E-3	3,824601E-3
8,577300E0	3,805784E-3	-1,064398E-3	3,951827E-3
8,593956E0	3,545423E-3	-1,191984E-3	3,740435E-3
8,610611E0	3,489670E-3	-1,144276E-3	3,672487E-3
8,760511E0	3,526203E-3	-3,246335E-3	4,792995E-3
8,777167E0	3,895192E-3	-3,430829E-3	5,190675E-3
8,793822E0	4,079686E-3	-3,246335E-3	5,213686E-3
8,827133E0	4,264180E-3	-3,430829E-3	5,473008E-3
8,893556E0	4,264180E-3	-3,430829E-3	5,473008E-3
8,910311E0	4,332130E-3	-3,527441E-3	5,586608E-3
8,926967E0	4,172388E-3	-3,486497E-3	5,437323E-3
8,943622E0	4,243253E-3	-3,313237E-3	5,383562E-3
8,960278E0	4,366667E-3	-3,447274E-3	5,563405E-3
8,976933E0	4,271932E-3	-3,445028E-3	5,487952E-3
8,993589E0	4,420847E-3	-3,307381E-3	5,521110E-3
9,010244E0	4,502383E-3	-3,449266E-3	5,671762E-3
9,026900E0	4,275729E-3	-3,335988E-3	5,423161E-3
9,043556E0	4,504224E-3	-3,307382E-3	5,588095E-3
9,060211E0	4,548697E-3	-3,445414E-3	5,706270E-3
9,076867E0	4,495356E-3	-3,321863E-3	5,589544E-3
9,093522E0	4,654065E-3	-3,443882E-3	5,789702E-3
9,110178E0	4,629564E-3	-3,540951E-3	5,828481E-3
9,126833E0	4,674086E-3	-3,354824E-3	5,753427E-3
9,176800E0	4,633168E-3	-3,984312E-3	6,110727E-3
9,193456E0	4,448674E-3	-3,615323E-3	5,732474E-3
9,210111E0	5,186651E-3	-4,168806E-3	6,654343E-3
9,226767E0	4,633168E-3	-3,984312E-3	6,110727E-3
9,243422E0	4,633168E-3	-3,984312E-3	6,110727E-3
9,260078E0	4,633168E-3	-3,984312E-3	6,110727E-3
9,276733E0	4,739051E-3	-3,851880E-3	6,107011E-3
9,293389E0	4,876633E-3	-3,963214E-3	6,283997E-3
9,310044E0	4,906703E-3	-3,975345E-3	6,314990E-3
9,326700E0	4,980444E-3	-3,827765E-3	6,281449E-3
9,376667E0	4,975175E-3	-3,971861E-3	6,366164E-3
9,393322E0	4,949162E-3	-4,162672E-3	6,466996E-3
9,409978E0	4,976187E-3	-4,123406E-3	6,462578E-3
9,426633E0	5,023682E-3	-4,233920E-3	6,569890E-3
9,443289E0	4,945430E-3	-4,370714E-3	6,600031E-3
9,459944E0	4,959555E-3	-4,254315E-3	6,534247E-3
9,493256E0	5,056118E-3	-4,385444E-3	6,693015E-3
9,593189E0	4,079686E-3	-3,984312E-3	5,702506E-3
9,609844E0	4,379762E-3	-3,868944E-3	5,843889E-3
9,626500E0	4,310970E-3	-4,064656E-3	5,925022E-3
9,892989E0	4,079686E-3	-3,984312E-3	5,702506E-3
9,909644E0	4,214221E-3	-4,205236E-3	5,953458E-3
9,926300E0	4,239356E-3	-4,355515E-3	6,078046E-3
9,976267E0	3,341709E-3	-4,722288E-3	5,785069E-3
1,002623E1	4,079686E-3	-4,353300E-3	5,966159E-3
1,005954E1	3,710697E-3	-4,168806E-3	5,581059E-3
1,007620E1	3,530178E-3	-4,334075E-3	5,589845E-3
1,009286E1	3,681049E-3	-4,383277E-3	5,723918E-3
1,010951E1	3,941163E-3	-4,544752E-3	6,015608E-3
1,012617E1	4,241270E-3	-4,340914E-3	6,068929E-3
1,014282E1	3,808566E-3	-4,322517E-3	5,761018E-3
1,015948E1	3,765264E-3	-4,516458E-3	5,880102E-3
1,019279E1	3,417116E-3	-3,822266E-3	5,127026E-3
1,022610E1	4,264180E-3	-3,615323E-3	5,590509E-3
1,024276E1	3,526203E-3	-3,984312E-3	5,320606E-3
1,025941E1	3,648391E-3	-4,229504E-3	5,585648E-3
1,029272E1	3,157215E-3	-3,799817E-3	4,940306E-3
1,030938E1	3,341709E-3	-3,430829E-3	4,789322E-3
1,032603E1	3,895192E-3	-2,877347E-3	4,842689E-3
1,034269E1	2,972721E-3	-2,692853E-3	4,011050E-3
1,037600E1	3,157215E-3	-2,877347E-3	4,271666E-3
1,039266E1	3,341709E-3	-3,984312E-3	5,200169E-3
1,045928E1	2,972721E-3	-4,168806E-3	5,120157E-3
1,047593E1	2,972721E-3	-4,168806E-3	5,120157E-3
1,049259E1	2,972721E-3	-3,246335E-3	4,401790E-3
1,050924E1	2,923179E-3	-3,187012E-3	4,324583E-3
1,069246E1	3,895192E-3	-3,615323E-3	5,314422E-3
1,070911E1	3,901955E-3	-3,719821E-3	5,390948E-3
1,072577E1	4,038987E-3	-3,640628E-3	5,437609E-3
1,074242E1	4,013710E-3	-3,552119E-3	5,359796E-3
1,075908E1	4,113274E-3	-3,606231E-3	5,470276E-3
1,077573E1	4,296548E-3	-3,563575E-3	5,582060E-3
1,079239E1	4,304644E-3	-3,437813E-3	5,508949E-3
1,080904E1	4,204878E-3	-3,434939E-3	5,429531E-3
1,082570E1	4,157963E-3	-3,439497E-3	5,396183E-3
1,084236E1	4,177267E-3	-3,504773E-3	5,452797E-3
1,085901E1	4,205870E-3	-3,449399E-3	5,439457E-3
1,087567E1	4,315425E-3	-3,451115E-3	5,525676E-3
1,089232E1	4,350093E-3	-3,455673E-3	5,555626E-3
1,090898E1	4,370650E-3	-3,383816E-3	5,527458E-3
1,095894E1	2,972721E-3	-3,984312E-3	4,971097E-3
1,099226E1	4,448674E-3	-4,353300E-3	6,224301E-3
1,102557E1	3,895192E-3	-4,353300E-3	5,841553E-3
1,104222E1	3,710697E-3	-4,168806E-3	5,581059E-3
1,105888E1	3,710697E-3	-4,722288E-3	6,005771E-3
1,107553E1	4,264180E-3	-4,537794E-3	6,226942E-3
1,109219E1	5,002157E-3	-4,537794E-3	6,753750E-3
1,112550E1	6,109121E-3	-3,984312E-3	7,293566E-3
1,114216E1	6,109121E-3	-3,984312E-3	7,293566E-3
1,117547E1	6,847098E-3	-2,139370E-3	7,173539E-3
1,119212E1	6,293616E-3	-2,692853E-3	6,845513E-3
1,120868E1	6,662604E-3	-2,692853E-3	7,186219E-3
1,122523E1	7,216086E-3	-3,430829E-3	7,990150E-3
1,124198E1	6,847098E-3	-3,246335E-3	7,577694E-3
1,125872E1	7,011594E-3	-3,433933E-3	7,807326E-3
1,129186E1	6,293616E-3	-2,508358E-3	6,775062E-3
1,130860E1	7,400581E-3	-3,246335E-3	8,081292E-3
1,132534E1	7,216086E-3	-3,061841E-3	7,838799E-3
1,134191E1	7,462308E-3	-3,164574E-3	8,105589E-3
1,137522E1	7,769569E-3	-2,877347E-3	8,285247E-3
1,139197E1	7,769569E-3	-3,061841E-3	8,351112E-3
1,140853E1	8,255805E-3	-2,978817E-3	8,776769E-3
1,145849E1	8,507546E-3	-3,430829E-3	9,173272E-3
1,147513E1	8,323051E-3	-3,246335E-3	8,933749E-3
1,150842E1	8,641318E-3	-3,437664E-3	9,299996E-3
1,152507E1	8,692040E-3	-3,246335E-3	9,278483E-3
1,154171E1	8,876534E-3	-3,061841E-3	9,389767E-3
1,155836E1	8,507546E-3	-3,984312E-3	9,394311E-3
1,157500E1	9,983499E-3	-3,615323E-3	1,061795E-2
1,159164E1	9,245522E-3	-4,168806E-3	1,014192E-2
1,160829E1	8,876534E-3	-3,799817E-3	9,655644E-3
1,162493E1	9,061028E-3	-3,430829E-3	9,688799E-3
1,164169E1	8,876534E-3	-2,692853E-3	9,276007E-3
1,165834E1	9,061028E-3	-3,615323E-3	9,755654E-3
1,169166E1	9,245522E-3	-3,984312E-3	1,006749E-2
1,170831E1	9,245522E-3	-3,430829E-3	9,861555E-3
1,172497E1	9,245522E-3	-3,430829E-3	9,861555E-3
1,174162E1	9,061028E-3	-3,430829E-3	9,688799E-3
1,175828E1	9,061028E-3	-4,168806E-3	9,974025E-3
1,177493E1	9,799005E-3	-4,168806E-3	1,064892E-2
1,179159E1	8,692040E-3	-3,984312E-3	9,561710E-3
1,180824E1	8,431172E-3	-3,999143E-3	9,331548E-3
1,184156E1	8,851577E-3	-4,509951E-3	9,934288E-3
1,187487E1	9,061028E-3	-4,353300E-3	1,005253E-2
1,189152E1	9,061028E-3	-4,537794E-3	1,013380E-2
1,190818E1	9,061028E-3	-3,984312E-3	9,898332E-3